46.200000
8.360000
33.866150 25.202345 5.030256
10.120000
7.654457
25.520000
36.801917 28.071736 23.653323
48.269441
8.360000
12.320000
11.000000
6.330758
11.880000
9.240000
37.599902
47.656269 44.785149 44.293870
41.165376
5.280000
11.000000
16.396543 47.984227 10.860147
27.415385
6.887624
7.040000
7.322033 17.814304 41.199348
20.248593
24.717900
27.821822
18.784615
28.430769
26.497006 43.214868 5.450479
43.596615
15.796600
27.923077
12.760000
48.376969
11.000000
44.311078
42.922277
12.760000
17.124961
11.000000
22.059872
11.880000
10.120000
10.120000
8.800000
27.108132
6.430575
7.090572
49.047292
12.184615
15.689183 30.879190 24.905354
15.691361 21.842023 20.324478
11.880000
12.814058
16.720000
26.400000
6.889229
