48.000000
40.612296
10.351022
15.000000
39.575004
18.000000
20.682647
26.000000
27.000000
38.772909
24.000000
20.149337
11.410569
38.974017
12.991339
5.482150
6.354003
5.654345
18.987342
16.988674
21.505095
19.986676
46.219717
31.978681
47.968021
42.636847
9.174982
19.244273
6.399835
14.990007
10.913643
34.559717
31.308996
15.000000
19.570534
29.120557
24.330499
10.544301 15.057927
10.978630 41.170600
18.501131 40.214099 39.525828
18.000000
11.000000
14.312819
10.725000
42.493419
14.625000
11.500000
27.000000
27.975915
8.178615
49.168475
22.000000
41.431081
30.889879
10.285932
34.348137
42.285054
15.602195
6.895319
15.840000
44.927794
45.674714
48.000000
42.044761
6.104722
15.983606
40.320000
